300 76 465 320
2 15 1 13 20 11 23 23 11 23 17 2 26 29 1 18 10 30 15 28 28 4 30 18 6 20 14 13 13 3 13 18 24 15 11 1 2 22 2 5 1 27 24 1 18 6 9 18 24 15 27 25 16 14 16 16 12 4 10 15 22 11 12 20 14 28 9 24 30 5 6 22 13 21 12 5 20 22 28 23 2 1 23 3 8 4 28 17 20 19 17 24 12 18 24 22 6 18 9 8 12 12 20 12 7 19 30 13 2 26 8 16 21 10 30 13 6 25 18 12 18 30 10 10 1 16 25 19 6 30 20 15 12 28 13 26 22 22 27 4 30 9 22 3 15 14 23 28 1 3 20 3 2 22 23 11 17 5 6 30 2 17 22 9 30 29 20 1 8 10 8 8 22 7 4 19 11 29 22 6 1 23 4 30 29 19 7 24 15 4 8 29 11 18 2 6 3 5 13 23 3 10 13 15 4 5 30 19 27 16 13 8 20 26 19 13 20 8 16 6 23 4 2 16 22 2 5 29 25 26 7 22 5 17 12 22 29 22 2 14 21 25 2 23 2 10 16 22 21 3 12 28 22 12 5 9 20 18 25 22 27 18 24 12 27 13 7 12 13 18 17 27 5 8 7 2 12 24 10 19 2 13 10 18 6 21 15 22 22 28 18 12 21 25 25 17 1 13 17 5
1 28 13 3 5 10 23 19 29 5 6 30 3 22 15 17 22 16 28 18 19 12 13 16 15 13 27 7 7 15 22 5 18 7 11 21 7 21 7 9 3 17 27 20 28 19 28 29 23 10 28 25 6 20 29 9 17 3 27 23 25 5 8 2 26 3 3 29 4 7 12 10 6 19 29 26 10 14 30 29 1 16 13 30 13 29 9 22 13 28 21 6 13 15 4 16 8 18 10 15 22 20 13 5 29 28 26 23 2 9 30 30 20 1 15 9 5 22 4 12 13 7 10 10 18 24 28 27 5 7 3 1 23 12 12 30 28 13 10 3 26 7 4 25 13 8 28 17 2 21 22 3 23 1 3 27 19 7 6 28 27 3 12 20 7 14 29 20 18 3 11 5 16 28 16 7 19 20 30 5 9 21 25 29 7 3 21 8 26 7 1 18 14 12 18 22 16 14 23 23 20 2 9 5 1 23 14 2 14 24 26 16 2 30 8 21 29 28 23 29 20 27 22 13 4 16 14 1 24 6 3 9 23 14 4 15 6 1 16 7 5 22 30 21 10 3 21 20 25 12 9 19 21 26 29 28 5 23 5 24 6 29 21 8 25 25 19 3 24 3 1 1 14 1 23 13 23 27 22 24 27 16 24 4 5 3 18 5 16 8 29 9 10 4 21 2 2 3 14 1
6 15 2
40 122
51 8 6
92 127 45 240 251 268
16 1 4
286 208 17 191
24 16 3
172 46 290
10 19 4
87 190 153 7
5 2 4
207 80 82 287
20 5 3
30 28 169
14 16 3
54 256 180
17 15 2
38 160
20 12 4
217 102 67 34
16 9 6
99 173 271 154 103 0
39 19 5
27 298 66 105 114
7 13 3
95 130 3
28 1 3
225 299 60
18 1 2
238 112
20 5 5
106 278 261 239 156
5 17 2
237 98
22 3 5
12 37 141 176 171
12 4 3
295 62 138
12 18 5
25 165 86 116 73
7 11 5
230 184 204 274 212
15 4 3
77 161 183
12 13 2
234 177
51 13 5
13 19 269 140 163
24 4 6
47 64 255 123 48 254
40 3 6
253 158 216 219 83 131
22 3 3
282 270 5
22 6 4
61 57 242 10
36 17 6
79 224 118 9 88 185
17 11 5
229 43 249 11 220
9 10 3
120 291 157
10 12 3
21 134 236
56 10 4
1 213 210 111
23 17 3
226 42 166
48 15 5
6 18 4 113 228
20 9 2
221 144
16 7 4
272 196 2 241
36 15 4
262 96 243 132
60 18 6
78 252 69 94 266 76
56 2 6
231 168 31 58 143 128
26 6 4
197 206 275 170
12 17 2
267 16
18 2 3
209 139 108
21 20 2
259 124
12 10 2
288 202
34 12 4
188 283 89 137
23 5 2
257 232
48 15 5
292 178 33 193 186
14 17 6
201 146 23 129 15 20
28 13 4
152 155 91 245
54 1 5
75 85 26 284 293
14 20 5
181 72 194 167 258
26 10 6
90 263 179 101 81 145
11 13 4
36 107 148 70
14 11 3
68 29 264
42 11 3
117 32 276
36 2 6
187 97 294 296 195 65
14 6 5
39 119 151 214 285
17 20 2
126 260
12 16 2
233 71
21 1 4
110 55 149 182
14 4 3
297 244 49
22 6 5
200 199 265 100 215
18 15 3
53 133 205
48 17 6
59 222 115 63 14 277
21 6 6
44 211 250 136 35 280
6 20 2
52 175
8 7 5
189 223 24 164 273
20 11 4
22 51 135 192
40 17 4
150 125 203 104
20 10 2
248 93
12 8 3
50 289 227
36 13 6
56 84 235 41 246 8
51 9 6
279 147 74 162 142 281
34 3 5
159 218 121 247 109
19 14 2
198 174
