500 84 775 320
12 13 17 9 29 6 11 19 27 4 4 10 14 20 5 7 26 6 23 7 10 16 20 3 15 22 17 14 18 2 10 16 25 21 13 20 24 1 3 15 4 11 21 20 21 15 11 10 7 17 8 20 12 5 9 1 9 19 29 2 6 17 14 12 9 8 13 2 27 30 8 27 26 5 25 23 17 16 17 29 28 30 15 7 6 6 19 30 16 30 5 18 21 25 2 20 15 23 30 3 11 17 19 28 23 9 18 25 3 12 25 23 27 17 16 29 23 16 12 10 23 18 12 4 3 25 26 25 12 20 19 28 22 10 10 1 16 8 25 11 30 4 3 11 22 1 25 15 30 16 12 11 9 28 15 16 3 17 12 16 17 13 3 5 19 28 2 26 28 3 30 30 24 12 25 11 23 1 15 6 27 1 5 11 23 20 27 15 9 3 20 10 4 28 3 27 6 4 16 2 25 30 7 27 24 24 12 7 17 21 2 15 30 15 9 8 18 8 20 19 14 19 25 8 18 22 24 15 27 5 19 10 22 22 7 9 10 23 28 1 19 24 13 20 13 10 24 28 2 14 12 15 7 21 10 2 5 21 14 26 23 15 14 5 13 29 3 13 22 30 4 27 17 12 28 3 29 27 27 1 15 20 1 17 17 24 25 11 27 18 30 30 18 8 26 10 12 6 18 3 16 29 7 13 15 24 19 15 4 17 13 9 11 12 5 8 11 27 1 17 9 13 17 7 14 19 2 26 20 24 21 7 10 29 30 10 26 20 13 11 26 28 20 6 27 21 28 12 16 3 26 13 21 11 5 10 10 26 1 6 7 5 23 3 21 22 28 12 22 22 7 26 22 18 1 24 11 20 13 22 30 13 5 27 20 29 12 6 23 12 27 10 14 17 9 17 11 3 13 14 21 20 8 11 11 6 29 12 24 7 26 5 17 27 23 5 25 18 16 17 21 22 21 9 15 3 23 22 25 16 4 13 1 29 24 23 28 4 3 9 20 28 30 6 29 23 28 30 26 11 29 26 24 13 10 19 12 1 6 2 21 19 27 23 30 16 9 1 1 3 4 11 16 18 3 5 6 3 23 19 11 13 1 7 21 10 4 23 30 19 22 12 12 2 22 29 3 11 21 30
13 23 9 9 11 21 26 24 25 12 4 2 19 30 23 3 9 25 20 10 20 29 22 3 19 11 21 7 5 15 7 20 6 21 11 24 25 25 4 30 24 18 19 3 22 29 14 5 8 16 16 9 18 4 19 1 11 28 9 30 14 10 19 19 9 21 19 3 15 10 2 16 5 21 11 11 19 26 6 7 27 1 27 3 2 21 30 17 25 29 18 24 25 11 23 23 4 19 22 16 1 12 16 18 10 3 28 1 17 24 12 4 1 25 4 4 15 30 18 21 8 6 22 5 29 28 12 10 17 19 22 19 1 6 13 27 9 12 15 6 8 20 9 30 3 19 6 26 1 23 25 7 5 1 3 6 11 16 25 5 18 20 13 17 20 8 3 23 15 4 29 12 3 26 21 20 18 3 25 1 5 15 13 30 10 16 15 12 22 23 1 26 21 28 19 11 30 16 7 21 23 24 1 4 30 20 16 3 22 5 11 20 2 27 14 14 10 18 24 10 22 16 19 24 19 30 12 16 23 13 15 28 28 20 11 23 10 19 23 28 23 11 4 22 28 8 2 19 12 3 15 25 4 11 25 28 12 28 23 3 8 2 23 26 1 3 9 9 4 19 21 27 8 19 21 3 11 14 13 15 12 13 13 7 26 8 5 25 15 12 11 2 16 15 2 15 19 10 19 2 30 14 5 13 26 21 10 17 10 1 5 9 21 10 28 11 13 27 26 2 30 8 9 13 11 24 20 1 20 29 24 22 17 14 21 6 8 3 13 15 5 30 30 10 28 18 18 6 13 17 25 12 6 11 13 9 15 22 11 21 22 3 29 19 27 5 15 6 22 13 17 26 23 10 19 23 8 3 30 25 27 15 16 28 13 3 5 18 1 10 15 20 19 10 30 29 29 30 2 11 14 5 25 25 29 13 10 22 4 14 13 9 28 8 18 20 12 21 28 17 20 5 14 22 18 14 7 3 12 26 7 3 14 23 21 21 14 24 14 18 13 18 18 13 20 7 13 27 28 19 20 1 20 27 24 4 21 2 15 3 4 25 26 16 29 14 21 21 12 23 29 23 3 20 15 4 11 27 24 24 2 8 9 20 13 20 1 22 15 17 19 5 23 12 11 8 17 19 1 7
18 11 5
450 265 57 231 230
14 3 5
233 384 74 89 327
17 9 6
437 96 297 412 497 161
12 11 2
258 153
16 8 8
299 284 37 277 353 47 181 143
10 8 3
15 171 489
17 3 5
283 434 426 255 173
14 15 10
163 56 115 477 229 366 97 235 480 60
13 2 7
387 305 285 361 48 466 187
9 4 8
259 195 211 85 136 198 55 107
15 8 7
329 205 250 401 326 29 70
17 3 3
484 223 436
18 4 4
409 332 214 21
13 4 4
147 276 281 207
14 8 6
67 213 243 234 248 354
21 15 6
26 18 102 208 404 414
18 9 9
282 391 440 88 410 272 50 191 394
15 1 4
145 446 495 359
17 6 10
360 346 392 98 25 130 254 124 352 275
10 4 5
483 261 144 289 465
16 18 9
303 109 424 459 317 54 370 160 491
21 11 4
64 304 119 397
12 9 2
114 312
11 1 10
270 23 438 180 177 122 81 334 100 91
10 5 3
400 83 293
13 20 3
308 441 428
12 13 3
315 168 75
11 11 3
172 468 52
18 20 5
274 82 451 42 287
17 8 8
456 125 407 455 238 63 302 339
12 15 9
461 76 236 44 28 348 347 358 202
16 6 5
164 36 445 152 158
15 6 3
269 174 365
19 7 4
443 379 251 162
14 3 8
266 405 393 14 71 6 321 93
14 6 7
182 31 179 40 369 65 142
15 13 6
53 377 12 300 378 267
24 4 2
462 262
6 4 4
41 38 112 111
15 9 10
84 141 185 10 375 94 247 120 324 45
14 3 9
113 268 194 381 108 291 242 435 271
10 7 10
206 222 246 386 499 123 298 135 209 337
12 3 2
46 476
14 2 7
137 447 335 212 376 33 8
17 2 4
331 494 415 68
15 16 8
72 421 34 106 134 408 364 39
11 16 4
296 121 138 78
12 15 4
105 58 368 463
19 3 8
323 439 149 227 448 330 192 186
15 19 4
127 189 420 79
17 3 8
22 336 481 118 390 73 176 232
11 9 3
475 309 257
21 16 7
80 19 444 492 403 224 372
17 11 9
200 35 341 429 343 157 306 264 197
17 18 4
249 117 13 159
16 19 8
467 217 253 493 150 3 228 279
8 15 4
252 472 389 292
10 16 8
382 51 486 225 290 43 69 151
10 16 4
311 126 215 30
18 17 5
383 488 263 1 398
16 7 9
139 240 452 216 103 301 169 95 314
19 7 7
356 325 362 146 318 413 204
11 15 8
380 203 49 430 66 457 411 104
13 18 4
416 116 61 87
20 8 7
357 99 395 24 196 140 345
17 2 5
328 210 471 20 399
12 12 10
133 454 310 320 294 148 422 458 27 417
12 10 6
11 280 132 351 371 188
19 14 3
59 431 218
17 9 7
286 7 288 170 478 490 2
15 13 10
184 406 101 498 344 402 199 485 0 129
15 8 10
86 355 165 313 470 423 4 239 32 427
14 4 4
482 260 396 9
11 9 6
92 460 190 154 221 175
21 17 6
350 464 333 193 487 278
13 18 10
418 155 110 295 473 16 496 385 219 256
17 6 9
237 338 316 322 5 77 156 167 442
9 19 4
388 178 319 245
18 13 3
374 273 419
20 1 9
432 131 425 62 433 469 17 479 453
19 7 3
183 474 226
17 20 4
307 363 244 340
17 19 8
367 128 241 90 449 342 201 349
11 10 3
166 220 373
