300 74 465 320
9 12 22 5 27 16 23 12 27 2 18 7 4 1 10 23 20 19 9 30 20 13 21 29 12 15 27 4 7 14 23 13 27 30 4 27 30 3 23 10 29 15 21 9 5 12 30 7 23 10 20 27 28 11 22 12 5 6 25 5 2 1 4 10 16 3 9 17 3 7 16 10 18 16 25 30 11 28 28 26 19 16 11 16 1 1 14 8 28 29 22 8 12 18 16 6 12 30 1 5 7 28 14 4 21 30 30 14 13 5 12 10 7 7 1 5 26 13 14 21 24 6 2 27 19 25 29 22 7 17 25 1 2 27 26 18 1 9 23 20 24 26 7 7 21 10 10 10 13 4 28 8 5 1 1 1 26 4 4 8 25 5 3 13 25 17 29 13 20 19 30 21 18 19 9 20 20 11 30 1 21 27 17 14 27 22 25 19 29 7 4 3 20 15 2 21 16 16 4 20 24 21 16 20 12 23 12 20 25 1 6 10 9 23 14 6 8 7 20 8 3 22 28 25 6 2 5 26 26 26 27 11 22 12 15 20 16 13 28 2 6 7 21 26 30 2 18 25 10 3 25 11 17 29 6 12 4 12 14 29 18 7 15 29 10 7 28 30 9 29 26 24 2 29 18 4 16 8 5 9 14 4 4 22 10 8 6 19 22 9 26 21 13 30 23 9 3 24 3 22
4 3 27 6 24 7 10 7 5 20 20 11 16 4 21 7 4 23 9 11 6 28 4 3 19 11 22 13 18 28 11 17 3 14 25 9 23 13 24 3 2 14 28 13 30 6 15 2 15 13 23 26 17 26 13 7 27 12 1 2 10 4 24 8 24 30 26 20 4 9 9 4 4 2 25 30 17 9 8 21 16 19 17 23 13 17 11 21 23 7 22 28 8 20 25 22 2 29 21 24 5 4 28 7 11 17 9 10 10 26 28 19 23 29 29 21 23 24 30 6 29 1 3 23 20 18 3 12 13 10 8 17 14 19 2 11 26 1 6 10 22 21 16 5 19 23 16 1 11 8 27 1 3 23 20 15 12 13 3 4 7 27 14 4 4 27 10 4 17 1 4 12 10 27 1 29 23 30 20 17 19 26 9 30 27 13 17 20 17 30 17 10 10 27 25 5 21 4 19 8 23 14 11 30 14 16 23 26 28 28 27 5 4 20 20 24 10 4 14 20 14 19 7 21 5 15 6 11 30 25 21 28 8 25 8 6 19 10 24 27 22 21 16 7 26 30 14 23 24 26 26 12 4 28 4 30 22 11 10 3 23 17 5 9 19 16 12 25 30 1 30 13 9 23 22 30 6 19 23 22 23 11 6 30 14 18 16 15 13 26 11 21 2 30 13 12 24 22 15 15
11 2 2
20 190
20 9 2
99 179
19 8 6
296 39 65 203 57 219
15 15 2
202 236
9 19 5
12 166 86 252 232
16 7 6
168 174 161 211 194 230
9 18 3
143 10 32
17 1 6
74 254 16 50 115 239
19 19 5
11 120 287 128 114
10 3 6
64 262 8 220 276 106
25 6 3
279 270 267
19 16 3
191 110 14
20 14 2
266 91
15 4 5
297 29 263 224 155
27 2 2
62 283
13 7 4
129 135 68 2
20 4 6
158 183 157 250 238 38
10 19 5
151 169 176 171 246
17 4 5
187 26 46 17 45
15 9 4
60 180 103 248
16 14 6
192 258 142 218 184 196
14 9 5
31 162 53 7 77
19 19 3
265 9 241
17 1 2
227 117
2 13 2
58 197
13 10 5
257 111 243 136 138
16 19 3
125 149 247
20 9 4
210 145 3 207
15 5 4
82 205 0 36
3 9 2
137 235
15 5 4
52 242 101 88
8 4 2
107 5
12 19 5
299 163 165 43 121
14 6 5
21 96 94 22 148
19 1 5
35 215 51 109 251
22 6 4
200 131 280 150
14 12 5
118 1 290 217 4
16 19 2
49 67
17 15 4
34 146 282 112
19 17 4
48 221 286 175
16 6 3
75 89 84
18 19 2
63 208
13 2 3
15 126 228
15 16 5
123 23 223 193 170
23 17 2
144 253
12 2 6
188 61 18 59 66 204
15 2 6
41 147 139 249 289 85
9 8 3
167 292 256
18 2 3
154 78 244
21 5 3
133 95 273
10 1 6
240 213 160 25 269 40
13 3 3
281 222 116
17 4 6
209 288 274 132 153 119
15 8 3
277 6 285
16 4 5
93 92 140 122 102
20 6 4
275 19 124 98
7 14 4
234 271 130 134
14 13 6
69 108 186 185 27 90
20 13 5
225 56 272 173 260
14 20 3
73 198 278
17 7 6
189 100 76 206 298 295
21 2 4
245 233 80 37
6 15 6
259 199 13 70 182 159
11 14 5
30 105 178 152 72
16 11 4
47 113 284 291
16 12 2
164 97
18 10 6
44 195 214 54 104 293
20 5 3
83 181 127
19 14 4
177 24 261 216
21 16 3
81 33 255
14 13 3
156 172 141
21 6 2
201 231
17 8 6
42 264 79 87 294 212
14 3 7
237 55 71 28 268 226 229
