500 93 775 320
38 13 35 35 40 19 19 24 13 23 37 20 14 39 39 33 11 40 40 21 20 35 16 33 18 34 20 15 37 33 25 37 15 13 12 40 30 29 39 21 40 40 16 18 24 28 21 33 21 36 11 15 14 16 16 17 16 11 37 34 35 25 21 20 27 26 16 28 12 28 20 14 35 17 21 31 22 36 23 19 11 21 37 36 34 32 39 15 28 38 39 17 35 15 16 24 17 23 25 19 21 11 31 18 40 31 30 24 20 39 39 37 36 36 30 14 31 34 21 31 27 38 35 23 28 12 36 14 31 38 22 15 19 14 31 36 21 30 27 22 16 28 30 30 21 39 12 36 14 31 16 26 34 30 26 12 12 24 23 31 39 26 24 19 25 23 22 40 24 34 21 36 22 24 26 40 26 13 38 16 13 35 23 20 15 14 39 13 24 24 38 12 40 16 11 37 23 36 15 11 38 22 25 31 22 24 26 33 26 22 36 23 37 38 24 30 27 27 14 24 16 28 32 17 22 35 32 24 30 32 29 11 25 39 14 11 18 15 19 22 27 32 13 39 38 34 23 40 33 20 30 24 31 34 26 25 33 26 22 39 11 30 22 18 28 15 22 36 19 34 20 18 29 26 30 33 13 27 24 16 26 14 35 35 40 39 29 34 17 19 36 35 15 29 24 28 15 40 15 25 38 13 24 31 35 24 22 20 24 19 34 24 35 27 13 13 34 12 26 28 26 32 32 32 11 17 38 27 13 29 18 18 22 22 38 25 35 28 38 24 38 19 18 13 28 15 11 26 33 21 12 14 35 12 31 28 38 30 33 27 39 27 25 28 28 17 19 24 19 27 18 36 23 13 19 18 19 32 28 23 16 22 17 30 27 31 29 32 27 14 30 18 22 13 36 22 38 32 37 27 33 29 26 27 37 26 25 24 38 31 27 38 22 12 20 24 39 18 30 38 25 36 28 29 35 12 26 34 26 35 33 20 33 16 20 21 22 18 19 28 22 20 11 22 18 27 23 14 16 12 39 27 25 26 23 38 11 25 12 13 11 14 20 19 39 11 33 16 23 31 18 14 23 38 30 32 26 26 16 15 29 39 29 11 24 33 39 26 12 19 21 32 21 20 39 21 23 36 40 14
28 3 25 25 30 9 9 14 3 13 27 10 4 29 29 23 1 30 30 11 10 25 6 23 8 24 10 5 27 23 15 27 5 3 2 30 20 19 29 11 30 30 6 8 14 18 11 23 11 26 1 5 4 6 6 7 6 1 27 24 25 15 11 10 17 16 6 18 2 18 10 4 25 7 11 21 12 26 13 9 1 11 27 26 24 22 29 5 18 28 29 7 25 5 6 14 7 13 15 9 11 1 21 8 30 21 20 14 10 29 29 27 26 26 20 4 21 24 11 21 17 28 25 13 18 2 26 4 21 28 12 5 9 4 21 26 11 20 17 12 6 18 20 20 11 29 2 26 4 21 6 16 24 20 16 2 2 14 13 21 29 16 14 9 15 13 12 30 14 24 11 26 12 14 16 30 16 3 28 6 3 25 13 10 5 4 29 3 14 14 28 2 30 6 1 27 13 26 5 1 28 12 15 21 12 14 16 23 16 12 26 13 27 28 14 20 17 17 4 14 6 18 22 7 12 25 22 14 20 22 19 1 15 29 4 1 8 5 9 12 17 22 3 29 28 24 13 30 23 10 20 14 21 24 16 15 23 16 12 29 1 20 12 8 18 5 12 26 9 24 10 8 19 16 20 23 3 17 14 6 16 4 25 25 30 29 19 24 7 9 26 25 5 19 14 18 5 30 5 15 28 3 14 21 25 14 12 10 14 9 24 14 25 17 3 3 24 2 16 18 16 22 22 22 1 7 28 17 3 19 8 8 12 12 28 15 25 18 28 14 28 9 8 3 18 5 1 16 23 11 2 4 25 2 21 18 28 20 23 17 29 17 15 18 18 7 9 14 9 17 8 26 13 3 9 8 9 22 18 13 6 12 7 20 17 21 19 22 17 4 20 8 12 3 26 12 28 22 27 17 23 19 16 17 27 16 15 14 28 21 17 28 12 2 10 14 29 8 20 28 15 26 18 19 25 2 16 24 16 25 23 10 23 6 10 11 12 8 9 18 12 10 1 12 8 17 13 4 6 2 29 17 15 16 13 28 1 15 2 3 1 4 10 9 29 1 23 6 13 21 8 4 13 28 20 22 16 16 6 5 19 29 19 1 14 23 29 16 2 9 11 22 11 10 29 11 13 26 30 4
15 6 8
317 228 124 498 468 492 55 215
19 19 2
347 387
21 14 4
351 256 419 284
19 13 3
383 252 487
16 7 7
318 331 247 163 466 250 56
8 8 2
50 280
19 13 4
140 221 3 186
8 5 4
227 32 265 437
22 22 2
261 122
16 12 3
166 267 239
12 7 5
470 81 427 438 431
10 10 2
216 276
14 10 5
458 356 8 229 426
10 10 2
136 20
10 7 4
236 123 127 217
9 5 5
44 446 156 294 292
13 5 9
125 270 324 162 479 336 208 411 491
16 11 4
391 48 304 36
8 7 5
401 364 16 389 353
19 9 6
421 405 12 200 118 17
16 16 2
311 355
10 6 5
345 198 88 11 232
14 12 3
453 150 143
25 18 3
153 58 89
13 6 9
0 26 18 447 220 322 415 191 184
17 8 6
100 245 112 385 274 413
12 5 9
66 279 248 188 414 310 231 482 467
13 6 8
375 91 155 240 133 313 60 398
14 4 10
80 302 400 117 386 230 187 368 402 395
17 9 6
326 169 52 218 299 360
16 6 8
371 113 246 194 195 335 149 199
16 14 3
380 160 454
18 8 7
291 27 28 473 441 110 237
22 11 5
465 90 285 287 35
19 6 8
192 407 148 329 273 283 181 423
18 18 3
404 57 244
16 10 5
444 131 165 129 49
15 5 9
46 225 151 111 483 95 369 433 348
20 10 5
203 282 445 334 78
6 6 2
392 101
17 4 9
452 47 469 309 119 319 278 457 102
16 4 10
128 73 303 376 219 312 137 1 293 75
20 20 2
257 59
18 7 8
31 10 157 167 108 253 471 172
24 10 5
358 171 82 321 147
19 11 5
109 455 4 177 179
11 4 8
79 266 30 96 406 34 377 472
13 8 5
461 144 493 178 61
11 8 4
352 463 289 343
17 12 3
305 138 390
13 6 8
15 396 42 223 98 442 201 333
18 7 7
115 272 476 486 25 74 2
9 8 3
443 332 185
15 7 8
315 97 338 301 408 254 77 5
18 15 3
241 62 432
15 15 2
180 213
21 15 3
439 275 269
15 7 6
295 222 114 327 43 271
16 12 4
142 175 314 339
16 5 10
373 489 9 430 367 7 378 13 190 76
18 9 5
316 403 496 320 152
11 9 3
87 422 349
11 11 2
374 182
15 6 8
344 130 259 72 417 425 205 214
19 14 3
141 255 135
14 6 8
264 51 38 168 308 475 488 434
13 7 5
209 183 83 366 495
8 3 9
328 449 202 460 382 158 54 359 372
18 11 5
86 233 139 189 370
17 6 9
41 67 99 440 21 145 6 435 154
17 13 4
306 197 146 121
21 13 4
103 126 105 243
17 17 2
388 363
19 8 6
381 116 464 410 485 206
20 14 3
37 85 159
13 10 4
346 497 19 164
17 17 2
418 173
13 11 3
354 93 379
10 7 4
480 33 448 224
16 8 6
297 22 161 365 106 474
11 5 9
436 263 226 193 296 40 298 330 39
12 6 7
409 393 238 456 204 397 64
12 4 9
478 24 357 45 268 361 337 211 499
11 8 3
412 262 307
19 5 10
420 120 428 207 107 234 300 429 450 134
12 9 4
290 70 170 68
21 9 6
92 242 210 481 451 394
17 5 10
14 416 484 53 258 323 174 176 29 342
15 6 9
132 424 477 212 281 104 350 235 494
18 14 3
84 69 251
12 5 10
260 23 286 325 362 490 340 288 196 71
10 6 4
459 63 249 384
12 5 6
462 94 277 399 341 65
