300 79 465 320
25 30 30 25 38 18 21 33 38 13 18 27 22 24 13 27 11 28 16 32 11 27 14 35 14 21 39 35 13 37 19 19 35 40 30 35 16 20 19 12 17 20 20 38 38 25 35 11 34 22 19 39 39 19 17 16 25 25 35 21 40 15 25 38 19 12 25 15 36 37 19 27 23 16 24 12 38 35 34 18 32 37 12 31 37 19 21 19 11 39 23 25 23 22 34 31 12 20 33 11 21 37 37 28 28 24 19 23 36 30 23 24 37 26 40 24 25 22 16 31 24 23 17 22 39 27 17 17 18 22 12 40 25 17 13 20 40 37 37 13 22 31 38 15 14 31 32 16 23 24 33 14 30 20 38 34 30 18 29 36 29 31 36 19 22 34 17 26 25 22 24 20 25 35 13 17 39 22 35 12 35 20 24 21 20 22 28 14 32 27 26 32 34 34 33 40 19 11 16 31 36 39 37 15 38 27 40 30 20 12 21 16 36 18 16 35 12 31 20 11 13 29 11 39 34 36 13 12 19 31 13 30 11 20 11 37 36 29 27 12 11 28 17 28 34 32 33 27 37 31 17 34 24 12 33 29 14 28 35 18 27 13 15 21 34 29 11 12 36 13 39 18 14 28 18 15 28 15 30 11 24 31 19 18 16 14 39 17 27 23 15 11 15 21 37 24 32 32 30 30
15 20 20 15 28 8 11 23 28 3 8 17 12 14 3 17 1 18 6 22 1 17 4 25 4 11 29 25 3 27 9 9 25 30 20 25 6 10 9 2 7 10 10 28 28 15 25 1 24 12 9 29 29 9 7 6 15 15 25 11 30 5 15 28 9 2 15 5 26 27 9 17 13 6 14 2 28 25 24 8 22 27 2 21 27 9 11 9 1 29 13 15 13 12 24 21 2 10 23 1 11 27 27 18 18 14 9 13 26 20 13 14 27 16 30 14 15 12 6 21 14 13 7 12 29 17 7 7 8 12 2 30 15 7 3 10 30 27 27 3 12 21 28 5 4 21 22 6 13 14 23 4 20 10 28 24 20 8 19 26 19 21 26 9 12 24 7 16 15 12 14 10 15 25 3 7 29 12 25 2 25 10 14 11 10 12 18 4 22 17 16 22 24 24 23 30 9 1 6 21 26 29 27 5 28 17 30 20 10 2 11 6 26 8 6 25 2 21 10 1 3 19 1 29 24 26 3 2 9 21 3 20 1 10 1 27 26 19 17 2 1 18 7 18 24 22 23 17 27 21 7 24 14 2 23 19 4 18 25 8 17 3 5 11 24 19 1 2 26 3 29 8 4 18 8 5 18 5 20 1 14 21 9 8 6 4 29 7 17 13 5 1 5 11 27 14 22 22 20 20
19 17 5
131 225 54 287 137
17 13 4
103 258 192 234
15 17 5
118 119 49 33 50
7 3 4
47 227 101 88
11 9 5
222 221 168 237 269
26 16 6
195 270 278 154 136 152
16 8 6
32 37 235 277 200 274
22 20 4
89 112 276 125
12 12 3
150 295 99
10 7 4
208 96 156 153
4 12 3
175 291 292
15 6 2
299 233
14 20 6
254 58 170 82 289 185
7 7 3
147 174 252
17 3 5
148 79 298 29 288
17 14 5
231 1 93 183 224
15 18 5
223 151 230 204 172
19 8 2
249 104
13 2 4
84 116 42 14
14 7 6
241 271 110 193 171 0
13 4 4
117 178 55 184
22 2 2
246 245
12 14 5
97 248 20 256 186
14 16 4
191 71 181 196
18 14 5
43 64 111 229 34
21 19 5
244 146 114 23 128
15 2 6
206 199 162 279 169 262
19 4 5
52 247 83 45 62
16 14 4
267 155 15 281
7 10 2
293 144
18 20 3
2 115 161
18 11 4
68 80 253 194
9 11 5
28 138 73 126 187
20 19 5
286 236 6 164 77
12 10 3
135 265 30
6 12 2
198 36
21 10 2
264 273
11 16 4
255 106 285 13
17 7 2
141 90
14 3 6
25 129 139 165 26 250
17 19 5
189 65 124 8 41
14 19 2
18 188
15 16 3
11 167 140
15 12 3
190 70 19
17 10 3
44 182 100
14 10 2
212 209
17 5 3
66 132 98
17 18 5
294 238 210 159 290
8 9 3
9 259 56
6 15 3
179 163 166
19 6 2
7 113
9 5 2
260 239
18 20 4
53 105 81 173
18 15 5
218 157 48 35 268
9 7 4
107 266 94 219
11 8 5
85 220 214 257 145
7 10 2
127 133
12 20 2
217 272
15 20 6
63 296 240 180 120 203
17 15 4
86 24 27 60
19 7 2
102 59
13 10 5
228 283 109 284 297
13 12 2
92 149
10 10 5
95 280 242 282 216
12 9 3
121 16 251
13 11 3
143 142 122
15 4 4
263 76 74 40
3 17 2
211 232
9 13 2
130 205
8 17 3
275 3 22
13 2 3
38 134 51
22 20 6
78 108 4 160 31 202
15 12 6
57 46 158 243 261 123
8 19 6
21 213 67 12 61 197
16 17 2
5 215
20 20 3
176 177 207
23 16 2
17 201
13 9 5
69 91 72 10 75
4 20 3
226 87 39
