300 74 465 320
35 31 38 40 23 15 34 11 34 11 37 30 18 25 28 17 17 23 22 18 40 16 13 39 30 27 26 40 32 36 35 15 37 20 22 26 24 32 32 29 15 37 18 39 14 12 21 27 20 28 39 14 25 31 21 12 21 35 25 29 33 35 38 23 37 25 30 35 39 21 14 29 17 22 18 21 21 17 36 22 34 27 12 40 38 21 38 37 29 16 40 19 25 23 22 34 18 17 38 40 32 28 34 38 28 37 26 39 28 12 18 11 23 35 29 17 11 38 25 25 33 19 20 25 35 19 34 14 39 23 27 20 32 15 37 26 32 27 21 37 21 33 11 29 19 35 34 30 36 24 32 38 19 40 23 26 28 32 36 15 33 22 32 30 12 32 34 34 15 29 15 17 31 33 39 14 21 31 13 18 16 40 38 20 13 34 40 15 33 21 25 19 28 15 17 24 26 30 39 31 18 16 40 38 12 24 16 40 35 40 16 29 13 21 40 34 33 29 30 22 25 37 16 35 36 29 33 17 23 36 22 33 19 20 24 24 21 22 14 25 37 24 18 35 15 13 32 12 14 37 22 28 29 34 37 14 25 19 25 33 27 35 19 35 32 34 19 11 13 16 39 29 39 20 15 36 21 12 32 24 26 31 32 17 16 15 14 27 14 33 15 39 23 28 11 20 26 39 25 40
25 21 28 30 13 5 24 1 24 1 27 20 8 15 18 7 7 13 12 8 30 6 3 29 20 17 16 30 22 26 25 5 27 10 12 16 14 22 22 19 5 27 8 29 4 2 11 17 10 18 29 4 15 21 11 2 11 25 15 19 23 25 28 13 27 15 20 25 29 11 4 19 7 12 8 11 11 7 26 12 24 17 2 30 28 11 28 27 19 6 30 9 15 13 12 24 8 7 28 30 22 18 24 28 18 27 16 29 18 2 8 1 13 25 19 7 1 28 15 15 23 9 10 15 25 9 24 4 29 13 17 10 22 5 27 16 22 17 11 27 11 23 1 19 9 25 24 20 26 14 22 28 9 30 13 16 18 22 26 5 23 12 22 20 2 22 24 24 5 19 5 7 21 23 29 4 11 21 3 8 6 30 28 10 3 24 30 5 23 11 15 9 18 5 7 14 16 20 29 21 8 6 30 28 2 14 6 30 25 30 6 19 3 11 30 24 23 19 20 12 15 27 6 25 26 19 23 7 13 26 12 23 9 10 14 14 11 12 4 15 27 14 8 25 5 3 22 2 4 27 12 18 19 24 27 4 15 9 15 23 17 25 9 25 22 24 9 1 3 6 29 19 29 10 5 26 11 2 22 14 16 21 22 7 6 5 4 17 4 23 5 29 13 18 1 10 16 29 15 30
13 13 3
273 242 281
21 10 4
148 167 205 53
20 6 2
272 94
18 1 5
170 223 282 102 155
19 6 6
133 62 299 107 247 259
19 2 6
228 23 64 215 250 295
18 12 3
294 231 186
16 4 2
22 20
11 6 4
199 197 175 111
12 15 3
74 258 112
20 20 6
85 83 209 180 270 287
12 8 6
187 235 5 44 182 172
23 13 3
128 280 224
15 16 5
264 147 103 21 184
17 5 6
1 274 134 144 243 47
12 18 6
153 54 75 140 288 266
16 19 6
69 49 43 200 296 143
15 16 6
218 216 239 275 268 97
18 5 2
131 41
19 20 5
160 93 71 151 237
18 3 2
63 253
9 3 4
255 190 220 277
19 18 3
95 33 146
22 19 2
198 35
12 17 6
166 110 125 284 269 211
11 5 4
40 262 120 152
24 3 2
208 185
20 17 4
234 156 50 59
16 8 6
78 58 267 179 173 203
12 3 2
194 260
23 11 6
32 241 68 251 86 157
17 3 2
292 37
15 4 5
98 72 77 132 18
16 6 5
122 87 181 276 206
14 14 5
19 254 11 14 142
16 12 6
283 141 158 226 81 9
22 19 2
139 293
12 9 4
244 286 229 65
11 19 2
17 183
12 2 5
100 289 12 31 178
13 15 5
36 265 46 82 52
13 9 2
51 246
14 20 6
10 238 201 176 278 279
12 18 4
101 114 73 7
12 18 4
164 8 248 163
15 5 4
15 162 123 108
16 9 3
105 290 26
18 16 5
99 222 177 193 2
22 1 2
92 297
13 6 5
113 42 245 118 196
17 4 3
106 271 192
16 9 4
214 56 79 138
19 15 4
257 263 119 202
16 9 5
252 171 24 129 6
22 8 2
169 61
11 11 2
116 28
27 14 2
57 90
12 14 4
249 159 168 149
13 19 2
96 225
11 4 3
227 127 80
25 7 3
66 207 145
13 10 3
29 45 236
7 18 4
285 212 115 4
10 14 4
70 232 230 25
14 8 5
189 195 0 76 233
16 9 4
55 117 89 84
16 13 4
121 188 48 126
13 3 6
60 154 39 16 109 13
18 3 6
261 219 210 67 30 217
18 13 4
38 135 130 137
21 1 5
104 291 298 124 88
18 17 6
221 191 150 165 213 136
29 13 2
174 3
15 13 7
204 27 256 91 240 34 161
